EMRA_ECOLI  0.06  0.61  0.48  0.50  0.49  0.92  0.37   0
AAS_ECOLI   0.44  0.52  0.48  0.50  0.43  0.47  0.54   0
AMPE_ECOLI  0.63  0.47  0.48  0.50  0.51  0.82  0.84   0
ARAE_ECOLI  0.23  0.48  0.48  0.50  0.59  0.88  0.89   0
ARAH_ECOLI  0.34  0.49  0.48  0.50  0.58  0.85  0.80   0
AROP_ECOLI  0.43  0.40  0.48  0.50  0.58  0.75  0.78   0
ATKB_ECOLI  0.46  0.61  0.48  0.50  0.48  0.86  0.87   0
ATP6_ECOLI  0.27  0.35  0.48  0.50  0.51  0.77  0.79   0
BETT_ECOLI  0.52  0.39  0.48  0.50  0.65  0.71  0.73   0
CODB_ECOLI  0.29  0.47  0.48  0.50  0.71  0.65  0.69   0
CYDA_ECOLI  0.55  0.47  0.48  0.50  0.57  0.78  0.80   0
CYOC_ECOLI  0.12  0.67  0.48  0.50  0.74  0.58  0.63   0
CYOD_ECOLI  0.40  0.50  0.48  0.50  0.65  0.82  0.84   0
DCTA_ECOLI  0.73  0.36  0.48  0.50  0.53  0.91  0.92   0
DHG_ECOLI   0.84  0.44  0.48  0.50  0.48  0.71  0.74   0
DHSC_ECOLI  0.48  0.45  0.48  0.50  0.60  0.78  0.80   0
DHSD_ECOLI  0.54  0.49  0.48  0.50  0.40  0.87  0.88   0
DPPC_ECOLI  0.48  0.41  0.48  0.50  0.51  0.90  0.88   0
DSBB_ECOLI  0.50  0.66  0.48  0.50  0.31  0.92  0.92   0
ENVZ_ECOLI  0.72  0.46  0.48  0.50  0.51  0.66  0.70   0
EXBB_ECOLI  0.47  0.55  0.48  0.50  0.58  0.71  0.75   0
FRDC_ECOLI  0.33  0.56  0.48  0.50  0.33  0.78  0.80   0
FRDD_ECOLI  0.64  0.58  0.48  0.50  0.48  0.78  0.73   0
FTSW_ECOLI  0.54  0.57  0.48  0.50  0.56  0.81  0.83   0
GABP_ECOLI  0.47  0.59  0.48  0.50  0.52  0.76  0.79   0
GALP_ECOLI  0.63  0.50  0.48  0.50  0.59  0.85  0.86   0
GLNP_ECOLI  0.49  0.42  0.48  0.50  0.53  0.79  0.81   0
GLPT_ECOLI  0.31  0.50  0.48  0.50  0.57  0.84  0.85   0
GLTP_ECOLI  0.74  0.44  0.48  0.50  0.55  0.88  0.89   0
KDGL_ECOLI  0.33  0.45  0.48  0.50  0.45  0.88  0.89   0
KGTP_ECOLI  0.45  0.40  0.48  0.50  0.61  0.74  0.77   0
LACY_ECOLI  0.71  0.40  0.48  0.50  0.71  0.70  0.74   0
LGT_ECOLI   0.50  0.37  0.48  0.50  0.66  0.64  0.69   0
LLDP_ECOLI  0.66  0.53  0.48  0.50  0.59  0.66  0.66   0
LNT_ECOLI   0.60  0.61  0.48  0.50  0.54  0.67  0.71   0
LSPA_ECOLI  0.83  0.37  0.48  0.50  0.61  0.71  0.74   0
LYSP_ECOLI  0.34  0.51  0.48  0.50  0.67  0.90  0.90   0
MALF_ECOLI  0.63  0.54  0.48  0.50  0.65  0.79  0.81   0
MALG_ECOLI  0.70  0.40  0.48  0.50  0.56  0.86  0.83   0
MCP3_ECOLI  0.60  0.50  1.00  0.50  0.54  0.77  0.80   0
MSBB_ECOLI  0.16  0.51  0.48  0.50  0.33  0.39  0.48   0
MTR_ECOLI   0.74  0.70  0.48  0.50  0.66  0.65  0.69   0
NANT_ECOLI  0.20  0.46  0.48  0.50  0.57  0.78  0.81   0
NHAA_ECOLI  0.89  0.55  0.48  0.50  0.51  0.72  0.76   0
NHAB_ECOLI  0.70  0.46  0.48  0.50  0.56  0.78  0.73   0
PHEP_ECOLI  0.12  0.43  0.48  0.50  0.63  0.70  0.74   0
PHOR_ECOLI  0.61  0.52  0.48  0.50  0.54  0.67  0.52   0
PNTA_ECOLI  0.33  0.37  0.48  0.50  0.46  0.65  0.69   0
POTE_ECOLI  0.63  0.65  0.48  0.50  0.66  0.67  0.71   0
PROP_ECOLI  0.41  0.51  0.48  0.50  0.53  0.75  0.78   0
PSTA_ECOLI  0.34  0.67  0.48  0.50  0.52  0.76  0.79   0
PSTC_ECOLI  0.58  0.34  0.48  0.50  0.56  0.87  0.81   0
PTAA_ECOLI  0.59  0.56  0.48  0.50  0.55  0.80  0.82   0
PTBA_ECOLI  0.51  0.40  0.48  0.50  0.57  0.62  0.67   0
PTCC_ECOLI  0.50  0.57  0.48  0.50  0.71  0.61  0.66   0
PTDA_ECOLI  0.60  0.46  0.48  0.50  0.45  0.81  0.83   0
PTFB_ECOLI  0.37  0.47  0.48  0.50  0.39  0.76  0.79   0
PTGB_ECOLI  0.58  0.55  0.48  0.50  0.57  0.70  0.74   0
PTHB_ECOLI  0.36  0.47  0.48  0.50  0.51  0.69  0.72   0
PTMA_ECOLI  0.39  0.41  0.48  0.50  0.52  0.72  0.75   0
PTOA_ECOLI  0.35  0.51  0.48  0.50  0.61  0.71  0.74   0
PTTB_ECOLI  0.31  0.44  0.48  0.50  0.50  0.79  0.82   0
RODA_ECOLI  0.61  0.66  0.48  0.50  0.46  0.87  0.88   0
SECE_ECOLI  0.48  0.49  0.48  0.50  0.52  0.77  0.71   0
SECF_ECOLI  0.11  0.50  0.48  0.50  0.58  0.72  0.68   0
SECY_ECOLI  0.31  0.36  0.48  0.50  0.58  0.94  0.94   0
TNAB_ECOLI  0.68  0.51  0.48  0.50  0.71  0.75  0.78   0
XYLE_ECOLI  0.69  0.39  0.48  0.50  0.57  0.76  0.79   0
YCEE_ECOLI  0.52  0.54  0.48  0.50  0.62  0.76  0.79   0
EXBD_ECOLI  0.46  0.59  0.48  0.50  0.36  0.76  0.23   0
FTSL_ECOLI  0.36  0.45  0.48  0.50  0.38  0.79  0.17   0
FTSN_ECOLI  0.00  0.51  0.48  0.50  0.35  0.67  0.44   0
FTSQ_ECOLI  0.10  0.49  0.48  0.50  0.41  0.67  0.21   0
MOTB_ECOLI  0.30  0.51  0.48  0.50  0.42  0.61  0.34   0
TOLA_ECOLI  0.61  0.47  0.48  0.50  0.00  0.80  0.32   0
TOLQ_ECOLI  0.63  0.75  0.48  0.50  0.64  0.73  0.66   0
EMRB_ECOLI  0.71  0.52  0.48  0.50  0.64  1.00  0.99   0
AGP_ECOLI   0.74  0.49  0.48  0.50  0.42  0.54  0.36   1
AMY1_ECOLI  0.70  0.61  0.48  0.50  0.56  0.52  0.43   1
ARAF_ECOLI  0.66  0.86  0.48  0.50  0.34  0.41  0.36   1
ASG2_ECOLI  0.73  0.78  0.48  0.50  0.58  0.51  0.31   1
BGLX_ECOLI  0.65  0.57  0.48  0.50  0.47  0.47  0.51   1
C562_ECOLI  0.72  0.86  0.48  0.50  0.17  0.55  0.21   1
CN16_ECOLI  0.67  0.70  0.48  0.50  0.46  0.45  0.33   1
CYPH_ECOLI  0.67  0.81  0.48  0.50  0.54  0.49  0.23   1
CYSP_ECOLI  0.67  0.61  0.48  0.50  0.51  0.37  0.38   1
DGAL_ECOLI  0.63  1.00  0.48  0.50  0.35  0.51  0.49   1
DPPA_ECOLI  0.57  0.59  0.48  0.50  0.39  0.47  0.33   1
DSBA_ECOLI  0.71  0.71  0.48  0.50  0.40  0.54  0.39   1
DSBC_ECOLI  0.66  0.74  0.48  0.50  0.31  0.38  0.43   1
ECOT_ECOLI  0.67  0.81  0.48  0.50  0.25  0.42  0.25   1
ECPD_ECOLI  0.64  0.72  0.48  0.50  0.49  0.42  0.19   1
FECB_ECOLI  0.68  0.82  0.48  0.50  0.38  0.65  0.56   1
FECR_ECOLI  0.32  0.39  0.48  0.50  0.53  0.28  0.38   1
FEPB_ECOLI  0.70  0.64  0.48  0.50  0.47  0.51  0.47   1
FIMC_ECOLI  0.63  0.57  0.48  0.50  0.49  0.70  0.20   1
GGT_ECOLI   0.74  0.82  0.48  0.50  0.49  0.49  0.41   1
GLNH_ECOLI  0.63  0.86  0.48  0.50  0.39  0.47  0.34   1
GLPQ_ECOLI  0.63  0.83  0.48  0.50  0.40  0.39  0.19   1
HTRA_ECOLI  0.63  0.71  0.48  0.50  0.60  0.40  0.39   1
LIVJ_ECOLI  0.71  0.86  0.48  0.50  0.40  0.54  0.32   1
LIVK_ECOLI  0.68  0.78  0.48  0.50  0.43  0.44  0.42   1
MALE_ECOLI  0.64  0.84  0.48  0.50  0.37  0.45  0.40   1
MALM_ECOLI  0.74  0.47  0.48  0.50  0.50  0.57  0.42   1
MEPA_ECOLI  0.75  0.84  0.48  0.50  0.35  0.52  0.33   1
MODA_ECOLI  0.63  0.65  0.48  0.50  0.39  0.44  0.35   1
NRFA_ECOLI  0.69  0.67  0.48  0.50  0.30  0.39  0.24   1
NRFF_ECOLI  0.70  0.71  0.48  0.50  0.42  0.84  0.85   1
OPPA_ECOLI  0.69  0.80  0.48  0.50  0.46  0.57  0.26   1
OSMY_ECOLI  0.64  0.66  0.48  0.50  0.41  0.39  0.20   1
POTD_ECOLI  0.63  0.80  0.48  0.50  0.46  0.31  0.29   1
POTF_ECOLI  0.66  0.71  0.48  0.50  0.41  0.50  0.35   1
PPA_ECOLI   0.69  0.59  0.48  0.50  0.46  0.44  0.52   1
PPB_ECOLI   0.68  0.67  0.48  0.50  0.49  0.40  0.34   1
PROX_ECOLI  0.64  0.78  0.48  0.50  0.50  0.36  0.38   1
PSTS_ECOLI  0.62  0.78  0.48  0.50  0.47  0.49  0.54   1
PTR_ECOLI   0.76  0.73  0.48  0.50  0.44  0.39  0.39   1
RBSB_ECOLI  0.64  0.81  0.48  0.50  0.37  0.39  0.44   1
SPEA_ECOLI  0.29  0.39  0.48  0.50  0.52  0.40  0.48   1
SUBI_ECOLI  0.62  0.83  0.48  0.50  0.46  0.36  0.40   1
TBPA_ECOLI  0.56  0.54  0.48  0.50  0.43  0.37  0.30   1
TESA_ECOLI  0.69  0.66  0.48  0.50  0.41  0.50  0.25   1
TOLB_ECOLI  0.69  0.65  0.48  0.50  0.63  0.48  0.41   1
TORA_ECOLI  0.43  0.59  0.48  0.50  0.52  0.49  0.56   1
TREA_ECOLI  0.74  0.56  0.48  0.50  0.47  0.68  0.30   1
UGPB_ECOLI  0.71  0.57  0.48  0.50  0.48  0.35  0.32   1
USHA_ECOLI  0.61  0.60  0.48  0.50  0.44  0.39  0.38   1
XYLF_ECOLI  0.59  0.61  0.48  0.50  0.42  0.42  0.37   1
YTFQ_ECOLI  0.74  0.74  0.48  0.50  0.31  0.53  0.52   1